0 14448
4545 14068
8483 14068
11956 14464
15063 14464
17873 15208
20439 15208
22799 16256
24984 16256
27018 17618
28922 17618
30709 19347
32395 19347
33989 21534
35501 21534
36940 24236
38312 24236
39622 27367
40877 27367
42081 30416
43238 30416
44350 32060
45423 32060
46458 31284
47457 29404
48424 26686
49360 23261
50268 18990
50420 16490
50784 16490
51123 12958
51440 12958
51737 9827
52018 9827
52284 7477
52536 7477
52775 5791
53004 5791
53222 4670
53431 4670
53632 3841
53824 3841
54010 3372
54188 3372
54361 3287
54527 3359
54688 3570
54844 4095
54995 4713
55142 5661
55284 7540
55423 11375
55557 14310
55688 13292
55816 14522
55890 613285
