-7.760727406e-02
-2.800794244e-01
-3.712437153e-01
-7.361171842e-01
-3.671042919e-01
-6.108537912e-01
-5.602306128e-01
-3.140523434e-01
-7.630330324e-01
-7.645636797e-02
-6.246730089e-01
-6.978071928e-01
-4.699406028e-01
-3.535671234e-01
-8.729034066e-01
-4.684221745e-01
-7.976958752e-01
-5.130175352e-01
-2.521173954e-01
-4.590464830e-01
-8.773767948e-02
-7.181998491e-01
-8.120998144e-01
-6.851629615e-01
-4.786299467e-01
-7.822309136e-01
-5.112023354e-01
-9.528617263e-01
-1.135973930e-01
-8.283402920e-01
-7.130992413e-02
-1.509594321e-01
-8.609611988e-01
-7.781469226e-01
-4.621344805e-02
-1.244481206e-01
-1.845264435e-02
-5.410748720e-02
-5.184839964e-01
-3.943164349e-01
-7.626485825e-01
-5.782845616e-01
-4.644876719e-01
-7.579334974e-01
-1.741344929e-01
-5.602687597e-02
-2.958508134e-01
-2.290214300e-01
-8.842735887e-01
-6.572254896e-01
-4.061005116e-01
-9.108483791e-01
-2.431780100e-02
-2.637561560e-01
-9.243866801e-01
-4.100031257e-01
-8.086528778e-01
-7.024643421e-01
-2.969771624e-02
-3.821612597e-01
-7.372170687e-01
-3.879844546e-01
-6.140611768e-01
-2.404434681e-01
-1.683986187e-01
-3.453723788e-01
-8.376230001e-01
-5.443954468e-01
-4.839553833e-01
-2.293233275e-01
-4.514276385e-01
-4.469531775e-01
-8.089017868e-02
-1.936310530e-02
-4.490101933e-01
-5.308178663e-01
-6.374670267e-01
-8.316733837e-01
-4.713594913e-02
-3.798435926e-01
-1.532053351e-01
-1.130692959e-01
-5.225767493e-01
-6.144806147e-01
-2.498004436e-01
-3.396391273e-01
-2.567963004e-01
-1.123811603e-01
-9.172930121e-01
-8.918593526e-01
-1.851595640e-01
-8.335791826e-01
-8.225881457e-01
-9.090346694e-01
-3.000171781e-01
-8.625851870e-01
-3.729930520e-01
-1.605805159e-01
-2.990093231e-01
-6.628024578e-01
-4.398550391e-01
-2.788271308e-01
-1.417943835e-01
-5.743594170e-01
-1.410204768e-01
-8.141201735e-01
-8.966997862e-01
-8.091044426e-02
-4.378138185e-01
-4.978481531e-01
-4.852136374e-01
-7.785148621e-01
-9.048982263e-01
-5.848991275e-01
-5.668624043e-01
-8.756656647e-01
-1.333992481e-01
-5.874887109e-01
-8.337221146e-01
-9.513777494e-02
-3.509151340e-01
-2.957340479e-01
-3.344393373e-01
-7.395775914e-01
-6.031302810e-01
-3.225008845e-01
-1.141538024e-01
-2.322005630e-01
-4.456710815e-02
-4.686589837e-01
-4.799526334e-01
-8.730431795e-01
-2.686278820e-01
-9.119001627e-01
-9.221042991e-01
-3.091429472e-01
-3.399397731e-01
-7.827112675e-01
-7.097821236e-01
-3.111983538e-01
-4.325994849e-01
-1.877339482e-01
-8.370929360e-01
-5.568859577e-01
-8.087723255e-01
-9.547740817e-01
-3.582947254e-01
-7.576371431e-01
-2.071688771e-01
-6.040072441e-02
-4.046390057e-01
-7.717524767e-01
-2.287232280e-01
-6.712964773e-01
-6.129789352e-02
-3.526224494e-01
-8.623045683e-01
-8.246347904e-01
-7.846307755e-01
-2.771009803e-01
-4.751366377e-02
-3.864914179e-01
-4.005794525e-01
-1.540279388e-01
-4.300020933e-01
-7.561492920e-01
-5.663931370e-01
-5.751975179e-01
-8.870816231e-01
-5.866358876e-01
-7.320628166e-01
-5.367783308e-01
-4.487856030e-01
-5.128011107e-01
-3.243006468e-01
-7.355150580e-01
-4.254773855e-01
-6.366980076e-01
-1.937534213e-01
-6.861207485e-01
-8.049603701e-01
-3.581968546e-01
-4.482465386e-01
-3.253154159e-01
-1.283777356e-01
-2.209587693e-01
-4.303250909e-01
-8.925735950e-02
-7.386484146e-01
-6.195896864e-02
-6.209235191e-01
-2.918095589e-01
-8.590393662e-01
-4.886480570e-01
-3.053565025e-01
-9.098544121e-01
-8.646923900e-01
-4.887630343e-01
-8.665039539e-01
-4.180138111e-01
