-2.926406264e-01
-3.099226356e-01
-2.521713376e-01
-2.639103532e-01
-3.236274719e-01
-3.819916248e-01
-1.083596945e-01
-2.935495377e-01
-4.301198721e-01
-2.832919955e-01
-9.203731418e-01
-7.731930614e-01
-2.753146291e-01
-9.433114529e-01
-9.329596162e-01
-1.338601112e-01
-1.575055122e-01
-3.462508321e-01
-3.048579693e-01
-3.173753023e-01
-3.670850396e-01
-2.533788085e-01
-2.502068877e-01
-2.833908796e-01
-1.711695194e-01
-1.708757877e-01
-2.522779107e-01
-3.880383968e-01
-9.124773741e-01
-1.501736045e-01
-8.152627945e-02
-8.643710613e-02
-2.200990915e-01
-3.483820558e-01
-6.016427279e-02
-3.231015205e-01
-2.858993411e-01
-1.559070349e-01
-2.520966530e-01
-6.278035641e-01
-8.946216106e-02
-9.145152569e-01
-2.366114259e-01
-1.320922375e-02
-4.706722498e-02
-2.526366115e-01
-3.629233241e-01
-1.596921682e-02
-1.480047703e-01
-1.865897179e-01
-7.248884439e-02
-7.746738195e-02
-2.872318625e-01
-3.464446068e-01
-1.429659128e-02
-1.271553040e-01
-3.541311026e-01
-3.708451390e-01
-2.031280398e-01
-2.888888717e-01
-2.206568122e-01
-3.455442786e-01
-1.329011917e-01
-8.123886585e-02
-6.485705376e-01
-2.381477952e-01
-9.388903975e-01
-3.842735887e-01
-6.154745817e-02
-2.415038943e-01
-4.765123129e-02
-2.869377732e-01
-8.360892534e-02
-1.625722051e-01
-6.271901131e-01
-3.932937384e-01
-3.745471239e-01
-1.398007870e-01
-5.739718080e-01
-9.259921312e-02
-4.809781313e-01
-7.958978415e-02
-1.286298037e-01
-5.064052343e-02
-4.134081602e-01
-2.294180393e-01
-2.836107612e-01
-8.070319891e-02
-7.205468416e-02
-1.234827042e-01
-9.777902365e-01
-1.706683636e-02
-2.236847878e-01
-8.393102884e-02
-3.708243966e-01
-2.955208421e-01
-5.742094517e-01
-9.303191304e-01
-2.559674382e-01
-1.534845233e-01
-5.088013411e-01
-3.920344710e-01
-1.018005013e-01
-3.762260079e-01
-1.323488355e-01
-1.064232588e-01
-5.650526285e-02
-2.727039456e-01
-7.862877846e-02
-3.126677275e-01
-1.178447008e-01
-3.884703517e-01
-7.053583860e-02
-5.979633331e-02
-1.506898403e-01
-3.076055050e-01
-2.399091125e-01
-2.475341558e-01
-3.025190234e-01
-2.033710480e-01
-2.521234751e-01
-1.392875314e-01
-1.243562698e-01
-4.547224641e-01
-1.037222147e-01
-1.342398524e-01
-2.159998417e-01
-1.599181890e-01
-2.392390966e-01
-1.918637156e-01
-6.900149584e-02
-1.718857288e-01
-3.894996643e-02
-1.398110986e-01
-2.294287086e-01
-3.001097441e-01
-1.119423509e-01
-3.468057513e-01
-3.686686158e-01
-3.019027710e-01
-2.726299763e-01
-5.406504869e-01
-5.729544163e-02
-1.123667359e-01
-4.540597200e-01
-5.063849688e-01
-4.609406590e-01
-3.052937984e-02
-5.578757524e-01
-3.223724961e-01
-2.960094810e-01
-2.543129921e-01
-3.597854972e-01
-2.098718286e-01
-2.154812217e-01
-1.340699792e-01
-6.445467472e-02
-1.375893950e-01
-3.764579892e-01
-2.471998930e-01
-4.268453717e-01
-4.880100489e-02
-9.790584445e-01
-2.681066394e-01
-9.279166460e-01
-4.737031460e-01
-4.460668564e-02
-4.047521353e-01
-5.256927013e-02
-1.324455738e-01
-1.405669451e-01
-8.962846994e-01
-9.684896469e-02
-3.350449204e-01
-1.264125109e-01
-6.741743088e-01
-5.381780863e-02
-1.195731163e-01
-1.542645693e-01
-2.150905728e-01
-2.915058732e-01
-2.861471772e-01
-4.076877236e-01
-8.733570576e-02
-3.939013481e-01
-1.448186040e-01
-3.392200470e-01
-6.233925819e-01
-2.103287578e-01
-4.386202097e-01
-2.898790836e-01
-2.024134994e-01
-1.291832328e-01
-3.390219808e-01
-3.369146585e-02
-6.590595841e-01
-2.923308611e-01
-4.083606005e-01
-2.979431152e-01
-2.806955576e-01
