-7.794731259e-01
-7.099254131e-01
-8.259342313e-01
-7.357960939e-02
-3.553819060e-01
-4.581750035e-01
-4.271118641e-01
-6.093015671e-01
-8.905397654e-01
-8.252161145e-01
-3.894432783e-01
-6.075776815e-01
-2.233701944e-02
-9.047220349e-01
-5.927600861e-01
-4.187068939e-01
-2.387006283e-01
-4.518873096e-01
-9.207290411e-01
-5.557519197e-01
-3.709222078e-01
-7.537109256e-01
-7.557946444e-01
-2.445499897e-01
-8.322703242e-01
-8.931018710e-01
-5.661559105e-02
-6.796453595e-01
-4.134290814e-01
-3.284145594e-01
-4.149246216e-01
-3.729663491e-01
-4.662692547e-01
-6.952978373e-01
-8.946827650e-01
-1.290374994e-02
-3.258903027e-01
-1.437082291e-01
-6.702663302e-01
-2.438727021e-01
-3.874642849e-01
-4.156308174e-01
-1.439903378e-01
-6.877388358e-01
-3.476605415e-01
-6.420353651e-01
-5.465554595e-01
-8.125903010e-01
-7.337707877e-01
-1.594942808e-02
-3.295677900e-01
-2.768381834e-01
-6.093978882e-01
-7.783117294e-01
-8.208233118e-01
-1.366144419e-01
-2.350513935e-01
-2.846938968e-01
-7.818602920e-01
-6.812270880e-01
-7.889468074e-01
-2.380905747e-01
-1.495228410e-01
-7.728022337e-01
-7.108565569e-01
-4.316225648e-01
-3.513263464e-01
-5.592834353e-01
-7.271723747e-01
-6.896328926e-01
-8.814927340e-01
-3.295139670e-01
-8.169534206e-01
-5.022467375e-01
-8.512716293e-01
-9.615658522e-01
-3.772308230e-01
-3.978865147e-01
-6.331124306e-01
-1.696747541e-02
-8.971569538e-01
-6.959388256e-01
-1.792587042e-01
-8.043818474e-01
-8.490310311e-01
-7.801747918e-01
-8.280442953e-01
-8.110005856e-01
-2.905390263e-01
-8.285247087e-01
-8.817694783e-01
-9.133079052e-01
-9.527087808e-01
-7.264494896e-01
-3.246573806e-01
-9.347188473e-01
-7.869015336e-01
-1.884118915e-01
-2.306385040e-01
-2.322685719e-01
-2.844310999e-01
-1.482365131e-01
-1.806661487e-01
-5.062581897e-01
-2.745312452e-01
-4.112873673e-01
-3.177103400e-01
-3.176963925e-01
-2.335281968e-01
-6.927112937e-01
-1.909193993e-01
-8.556827903e-01
-3.650490046e-01
-6.814849973e-01
-4.621052146e-01
-2.654416561e-01
-4.575855136e-01
-8.018776774e-01
-9.349749088e-01
-3.440132141e-01
-8.043894768e-01
-4.962443113e-01
-5.386210680e-01
-2.248501778e-02
-4.276800752e-01
-9.427140951e-01
-3.064258695e-01
-5.054556131e-01
-4.127770662e-01
-2.866048217e-01
-3.519839048e-02
-5.200667381e-01
-7.528653145e-01
-9.574137330e-01
-5.185607672e-01
-4.859396219e-01
-4.797859192e-01
-2.600640059e-02
-5.122715831e-01
-5.477144718e-01
-3.127431870e-01
-7.325137258e-01
-6.234465837e-01
-2.696181536e-01
-5.277476907e-01
-7.227194905e-01
-5.877807736e-01
-2.146535516e-01
-4.849240780e-01
-6.130808592e-01
-2.257698774e-01
-4.090178013e-01
-7.933730483e-01
-2.639381886e-01
-7.193914652e-01
-3.874084949e-01
-1.726266742e-01
-3.115223050e-01
-5.717899799e-01
-5.842548609e-01
-2.653024793e-01
-4.055202603e-01
-8.696494699e-01
-3.141230345e-01
-5.365177393e-01
-8.206966519e-01
-2.699808478e-01
-8.357375264e-01
-8.253401518e-01
-7.017616034e-01
-6.969015598e-01
-5.925965905e-01
-1.405614614e-02
-7.595709562e-01
-2.775746584e-02
-7.897422910e-01
-7.359161377e-01
-7.218211889e-02
-2.071829438e-01
-4.431449175e-01
-5.735486746e-02
-1.455364823e-01
-5.109509230e-01
-6.080640554e-01
-8.890976906e-01
-8.091610670e-01
-5.079370141e-01
-2.992159724e-01
-3.709126115e-01
-6.337970495e-02
-2.639322281e-01
-1.882418990e-01
-3.193296194e-01
-6.669269800e-01
-8.271528482e-01
-8.749114275e-01
-2.254630327e-01
-7.390544415e-01
-1.045398712e-01
-9.259278178e-01
