-3.233996034e-01
-4.219545126e-01
-3.553098440e-01
-2.067895532e-01
-1.375402808e-01
-1.233984232e-01
-8.501134515e-01
-5.834726691e-01
-5.630475283e-01
-4.504662752e-02
-3.880900145e-02
-2.311657667e-01
-4.478685260e-01
-3.848532438e-01
-5.004072189e-01
-6.091780663e-01
-4.207812548e-01
-7.439669967e-01
-8.533074260e-01
-6.460112929e-01
-5.940508842e-02
-8.357127309e-01
-8.870055676e-01
-4.941254854e-01
-2.182001472e-01
-1.272582412e-01
-4.673762321e-01
-5.681228638e-01
-3.858060837e-01
-1.975482702e-01
-8.784570694e-01
-8.174363375e-01
-2.324151993e-01
-2.502021194e-01
-4.663367271e-01
-8.024853468e-02
-6.382894516e-02
-7.089311481e-01
-3.181928396e-02
-3.827869892e-01
-2.088311315e-01
-1.741845608e-01
-3.041274548e-01
-2.575497031e-01
-3.824961782e-01
-6.969326735e-02
-4.754707813e-01
-4.885486364e-01
-3.919286728e-01
-9.263053536e-01
-5.745567679e-01
-4.092942476e-01
-5.931892395e-01
-4.956135154e-01
-7.632007003e-01
-6.016829014e-01
-1.528771520e-01
-7.406002879e-01
-2.457356453e-01
-9.390898347e-01
-5.022909641e-01
-1.621375680e-01
-8.522464633e-01
-1.903028488e-01
-1.608387828e-01
-8.784836531e-02
-8.304935694e-02
-1.688516736e-01
-2.031059861e-01
-8.209536672e-01
-9.145711064e-01
-1.197074056e-01
-3.017591834e-01
-3.051329255e-01
-3.133519888e-01
-6.687033176e-02
-1.550101638e-01
-5.971207023e-01
-2.415229082e-01
-5.047434568e-02
-2.954328656e-01
-5.449408293e-02
-2.786873579e-01
-3.471215963e-01
-1.763504744e-01
-1.990311742e-01
-1.896506548e-01
-4.785578251e-01
-2.516543865e-02
-4.949352145e-01
-4.702656269e-01
-3.156220317e-01
-3.038846850e-01
-2.140190601e-01
-1.729612350e-01
-2.178622484e-01
-3.777776957e-01
-6.347934008e-01
-8.882705569e-01
-8.770671487e-01
-3.014504313e-01
-3.198619485e-01
-1.487191319e-01
-1.653131843e-01
-9.969824553e-02
-2.007923126e-01
-8.147675395e-01
-7.567777634e-01
-6.688350439e-01
-7.483066320e-01
-5.382214785e-01
-5.437144041e-01
-7.248826623e-01
-5.210233927e-01
-7.477432489e-02
-3.142873645e-01
-7.411426306e-01
-1.269501448e-01
-1.338360906e-01
-7.308708429e-01
-1.549178362e-01
-1.677325368e-01
-4.549096823e-01
-2.136290073e-01
-5.925920010e-01
-7.683950663e-01
-9.555667043e-01
-6.719076633e-02
-4.224744439e-01
-9.146549702e-01
-7.093703747e-02
-8.911067843e-01
-3.246179819e-01
-5.898982286e-01
-2.380769849e-01
-2.557041645e-01
-1.240840554e-01
-8.811898232e-01
-3.365541101e-01
-1.234543920e-01
-9.347313643e-02
-6.472221017e-01
-2.273923159e-01
-2.937117815e-01
-8.747103810e-01
-6.402409077e-01
-1.146933436e-01
-2.086990476e-01
-3.254094720e-01
-2.472704053e-01
-1.570605040e-01
-8.785617948e-01
-3.878839016e-01
-3.175603747e-01
-2.373714447e-01
-1.975446939e-01
-5.540813208e-01
-2.193613648e-01
-1.719934344e-01
-1.360421777e-01
-4.257221222e-01
-4.613856673e-01
-8.230891228e-01
-7.142512798e-01
-2.072124481e-01
-5.499454737e-01
-8.843535781e-01
-8.673031926e-01
-8.802263141e-01
-6.295336485e-01
-5.094709396e-01
-1.749998331e-01
-1.359242797e-01
-2.424753904e-01
-6.074955463e-01
-9.503940344e-01
-6.681440473e-01
-8.325397968e-01
-4.118019342e-02
-1.677511930e-01
-7.000217438e-01
-1.583161354e-01
-2.429671884e-01
-8.974891901e-02
-1.611839533e-01
-7.569730878e-01
-7.315071821e-01
-7.371872663e-02
-3.470754623e-02
-3.294510841e-01
-4.476801157e-01
-8.887312412e-01
-6.711415052e-01
-7.218174934e-01
-5.211665630e-01
-5.467327833e-01
-9.550719857e-01
-5.387003422e-01
-6.324924231e-01
-4.439444542e-01
