-3.556142449e-01
-2.981436849e-01
-5.866110325e-02
-5.919582248e-01
-3.992755413e-01
-1.638810039e-01
-1.773955822e-01
-7.065558434e-01
-4.705129266e-01
-4.825515747e-01
-4.720760584e-01
-4.471612573e-01
-2.075348496e-01
-5.143544674e-01
-3.104252219e-01
-2.114104629e-01
-4.277680516e-01
-3.125981092e-01
-5.757164955e-01
-7.314893603e-01
-6.550925374e-01
-3.344921470e-01
-4.634647965e-01
-1.883092523e-01
-3.953629732e-01
-6.127141118e-01
-3.286914825e-01
-7.437820435e-01
-1.719606519e-01
-2.825039029e-01
-2.670559287e-01
-2.386010885e-01
-6.468739510e-01
-2.891607881e-01
-4.812231064e-01
-5.513987541e-01
-4.740800858e-01
-8.107224703e-01
-2.887978554e-01
-5.757986903e-01
-2.605172992e-01
-1.727758050e-01
-5.945998430e-02
-2.850905061e-01
-3.116413951e-01
-6.342419386e-01
-3.214024305e-01
-3.799839616e-01
-3.694856167e-01
-4.291468859e-02
-2.020626068e-01
-6.058144569e-01
-3.905563354e-01
-5.302875638e-01
-1.828996539e-01
-3.440928459e-01
-3.166301250e-01
-1.423170567e-01
-1.915003061e-01
-2.818466425e-01
-6.567741036e-01
-1.525689363e-01
-1.095368862e-01
-2.996892929e-01
-2.987724543e-01
-4.394891858e-01
-4.527096152e-01
-4.261262417e-01
-3.110924959e-01
-3.877204657e-02
-4.512553215e-01
-3.768008947e-02
-3.832612038e-01
-4.525659084e-01
-3.419916630e-01
-7.159645557e-01
-3.943588734e-01
-4.919297397e-01
-5.267387629e-02
-2.226704955e-01
-4.883384109e-01
-4.809442163e-01
-8.479988575e-02
-3.241117597e-01
-4.100662470e-01
-3.561673164e-01
-4.666305780e-01
-3.788044453e-01
-2.715194225e-01
-3.922979236e-01
-4.834440351e-01
-5.486831665e-01
-6.876800060e-01
-5.456572771e-01
-1.411765814e-01
-6.284948587e-01
-3.614428639e-01
-9.036868811e-02
-1.085150242e-01
-1.497950554e-01
-1.263130903e-01
-6.139332056e-02
-8.576315641e-02
-2.142282128e-01
-8.316570520e-02
-2.657160759e-01
-1.384363770e-01
-2.019798756e-01
-1.095677018e-01
-1.291335225e-01
-3.582918644e-01
-4.164102674e-01
-6.521719694e-02
-2.202211618e-01
-4.079940319e-01
-4.177570939e-01
-4.064882994e-01
-1.459357142e-01
-6.000502110e-01
-1.486656666e-01
-3.739793301e-01
-4.002248049e-01
-4.746569991e-01
-6.193023920e-01
-1.776418686e-01
-7.169195414e-01
-1.341592669e-01
-5.108205080e-01
-2.865341902e-01
-2.757309675e-01
-6.437834501e-01
-2.357575893e-01
-4.530100226e-01
-7.021253109e-01
-1.028317213e-01
-2.050141096e-01
-1.398719549e-01
-4.465323687e-02
-2.305429578e-01
-3.872467279e-01
-1.780341268e-01
-3.156131506e-01
-1.694256663e-01
-6.754671931e-01
-6.777302027e-01
-3.074938059e-01
-6.907938123e-01
-5.166730881e-01
-2.570285201e-01
-2.564738989e-01
-1.321251392e-01
-1.751124263e-01
-3.661925197e-01
-1.195844412e-01
-4.269335866e-01
-4.349690676e-01
-7.960414886e-02
-1.360652447e-01
-2.421969175e-01
-2.935131192e-01
-4.772683382e-01
-2.629416585e-01
-4.014569521e-02
-1.370541453e-01
-2.257277369e-01
-3.861209750e-01
-2.505916953e-01
-1.358922720e-01
-4.778797030e-01
-2.401657701e-01
-2.648330927e-01
-2.562995553e-01
-5.381586552e-01
-3.395170569e-01
-6.710623503e-01
-3.635696769e-01
-3.802779317e-01
-3.539326191e-01
-9.915256500e-02
-4.421977401e-01
-1.618674397e-01
-6.011790037e-02
-2.163242698e-01
-2.443395257e-01
-5.835615396e-01
-2.916818857e-01
-2.149794102e-01
-2.608968616e-01
-2.786962390e-01
-3.479794264e-01
-8.999437094e-02
-9.027838707e-02
-5.333475471e-01
-1.485608220e-01
-3.911935687e-01
-4.400875568e-01
-5.556962490e-01
-6.124233007e-01
-4.487757087e-01
-5.946096182e-01
