-3.848234415e-01
-2.465767264e-01
-1.397910714e-01
-1.443879604e-01
-7.554467916e-01
-8.088749647e-02
-2.091075778e-01
-1.391665936e-01
-7.941667438e-01
-2.377699018e-01
-8.556247950e-01
-8.622845411e-01
-1.395022273e-01
-8.340412974e-01
-2.152137756e-01
-8.161974549e-01
-1.117965579e-01
-3.197199106e-01
-6.835378408e-01
-1.212497950e-01
-1.384598017e-01
-2.308384180e-01
-2.926248908e-01
-4.555545449e-01
-3.851633668e-01
-8.184381127e-01
-8.040813804e-01
-4.098320007e-01
-3.403190374e-01
-3.131797314e-01
-1.512123346e-01
-4.408950210e-01
-7.288548946e-01
-2.023360729e-01
-1.683367491e-01
-3.158867955e-01
-1.651275754e-01
-3.023707867e-01
-7.871239185e-01
-2.961847186e-01
-5.508972406e-01
-4.138762951e-01
-2.213048935e-01
-8.573445678e-01
-4.052281976e-01
-8.317936659e-01
-1.508997679e-01
-1.479323506e-01
-3.499057889e-01
-1.956173778e-01
-8.362655640e-01
-1.024907827e-01
-1.356477737e-01
-6.811882854e-01
-2.948747277e-01
-2.735083103e-01
-7.383131981e-01
-1.483300924e-01
-6.849718690e-01
-1.186005473e-01
-8.354763985e-01
-3.137434125e-01
-8.820053339e-01
-1.462990642e-01
-3.221269250e-01
-3.112541437e-01
-1.014007926e-01
-5.981587768e-01
-1.685203314e-01
-8.525177240e-01
-1.298305392e-01
-9.744668007e-02
-2.083565593e-01
-2.957272530e-01
-1.005097032e-01
-4.174792171e-01
-5.430824757e-01
-8.289554119e-01
-5.118854046e-01
-3.159789443e-01
-7.785281539e-01
-4.293673038e-01
-7.292129397e-01
-8.260134459e-01
-6.336815357e-01
-4.938120544e-01
-3.228607178e-01
-3.543651700e-01
-3.099896908e-01
-1.061196923e-01
-2.895774841e-01
-2.995766401e-01
-1.380606294e-01
-5.348657370e-01
-3.799439073e-01
-2.709325552e-01
-2.920804024e-01
-3.558955789e-01
-2.681363225e-01
-3.106958866e-01
-3.944022655e-01
-1.135866642e-01
-2.784415483e-01
-1.061640978e-01
-3.516939878e-01
-9.270703793e-02
-1.190792918e-01
-2.392828465e-01
-2.339491844e-01
-2.625065446e-01
-1.727128625e-01
-2.672825456e-01
-3.631399274e-01
-2.570371628e-01
-3.563526273e-01
-2.897579670e-01
-2.662276030e-01
-2.653640509e-02
-2.832452059e-01
-8.475384116e-01
-1.971561909e-01
-5.412316918e-01
-6.487019062e-01
-3.613932133e-01
-3.158220649e-01
-2.324874997e-01
-6.600718498e-01
-1.398535371e-01
-1.513719559e-01
-6.588974595e-01
-2.541909814e-01
-1.831505299e-01
-1.670540571e-01
-2.570102811e-01
-8.506803513e-01
-3.135683537e-01
-1.959730983e-01
-1.181406379e-01
-2.775941491e-01
-6.425704956e-01
-1.145588160e-01
-2.374510765e-01
-4.881590605e-02
-4.055250287e-01
-2.434978485e-01
-1.901056767e-01
-4.086909890e-01
-3.343659043e-01
-3.910115957e-01
-8.097601533e-01
-8.668909073e-01
-1.041847467e-01
-6.921524405e-01
-7.249224186e-01
-3.866403103e-01
-4.952317774e-01
-1.976276040e-01
-8.595189452e-01
-4.231446385e-01
-1.240527034e-01
-1.271929145e-01
-7.908316255e-01
-2.088818550e-01
-2.977906466e-01
-4.589911103e-01
-1.770520806e-01
-3.957602978e-01
-2.456886768e-01
-2.947037220e-01
-2.650101185e-01
-8.586274981e-01
-1.474635601e-01
-6.190627813e-02
-2.456306815e-01
-5.440229177e-02
-2.788224220e-01
-3.773562312e-01
-3.525118232e-01
-1.063843966e-01
-7.588250041e-01
-2.273144722e-01
-7.185209990e-01
-4.965375960e-01
-4.361983538e-01
-7.460451126e-01
-7.954727411e-01
-1.874511242e-01
-1.350375414e-01
-1.737524271e-01
-8.672426939e-01
-5.035573840e-01
-2.635555267e-01
-3.480655551e-01
-5.444177985e-01
-4.444665909e-01
-1.907094717e-01
-1.915388107e-01
-5.632281899e-01
-6.806971431e-01
-2.398977280e-01
